18 18
22 22
24 24
20 20
11 11
25 25
12 12
21 21
16 16
23 23
8 8
21 21
18 18
15 15
22 22
21 21
13 13
14 14
21 21
15 15
16 16
15 15
21 21
18 18
25 25
10 10
18 18
8 8
14 14
17 17
17 17
8 8
9 9
14 14
13 13
19 19
10 10
17 17
21 21
20 20
17 17
16 16
28 28
25 25
22 22
22 22
14 14
17 17
26 26
14 14
23 23
23 23
16 16
20 20
8 8
21 21
24 24
23 23
21 21
25 25
20 20
20 20
10 10
11 11
14 14
16 16
12 -18
13 -17
24 -6
20 -10
24 -6
13 -17
23 -7
18 -12
20 -10
24 -6
26 -4
19 -11
25 -5
20 -10
24 -6
25 -5
23 -7
20 -10
31 1
19 -11
25 -5
15 -15
17 -13
16 -14
16 -14
17 -13
19 -11
18 -12
13 -17
16 -14
21 -9
29 -1
22 -8
22 -8
19 -11
27 -3
33 3
15 -15
21 -9
27 -3
16 -14
18 -12
29 -1
22 -8
20 -10
17 -13
19 -11
20 -10
24 -6
19 -11
7 -23
23 -7
25 -5
19 -11
11 -19
13 -17
32 2
25 -5
27 -3
26 -4
27 -3
28 -2
22 -8
33 3
18 -12
9 -21
28 -2
17 -13
20 -10
10 -20
15 -15
20 -10
26 -4
23 -7
14 -16
9 -21
17 -13
13 -17
22 -8
23 -7
13 -17
23 -7
24 -6
15 -15
16 -14
15 -15
18 -12
13 -17
17 -13
16 -14
19 -11
23 -7
22 -8
18 -12
18 -12
24 -6
28 -2
25 -5
17 -13
30 0
26 -4
21 -9
26 -4
22 -8
19 -11
26 -4
15 -15
21 -9
10 -20
23 -7
13 -17
14 -16
13 -17
15 -15
20 -10
17 -13
20 -10
25 -5
22 -8
15 -15
22 -8
28 -2
20 -10
25 -5
25 -5
20 -10
10 -20
28 -2
20 -10
27 -3
24 -6
13 -17
25 -5
30 0
20 -10
19 -11
19 -11
17 -13
10 -20
20 -10
12 -18
18 -12
16 -14
24 -6
25 -5
15 -15
11 -19
15 -15
25 -5
22 -8
20 -10
19 -11
14 -16
19 -11
31 1
30 0
26 -4
19 -11
22 -8
23 -7
20 -10
30 0
32 2
12 -18
24 -6
18 -12
22 -8
17 -13
11 -19
23 -7
11 -19
21 -9
27 -3
16 -14
13 -17
16 -14
23 -7
18 -12
16 -14
24 -6
23 -7
19 -11
26 -4
16 -14
15 -15
15 -15
17 -13
20 -10
22 -8
22 -8
8 -22
30 0
23 -7
20 -10
15 -15
17 -13
10 -20
16 -14
17 -13
16 -14
13 -17
14 -16
26 -4
16 -14
6 -24
23 -7
17 -13
20 -10
22 -8
19 -11
16 -14
12 -18
18 -12
11 -19
12 -18
17 -13
26 -4
14 -16
26 -4
20 -10
17 -13
22 -8
14 -16
14 -16
16 -14
16 -14
14 -16
22 -8
18 -12
30 0
28 -2
12 -18
18 -12
16 -14
20 -10
24 -6
16 -14
23 -7
16 -14
20 -10
15 -15
12 -18
18 -12
15 -15
14 -16
20 -10
20 -10
21 -9
25 -5
27 -3
24 -6
16 -14
20 -10
22 -8
25 -5
33 3
13 -17
17 -13
17 -13
16 -14
19 -11
14 -16
20 -10
26 -4
18 -12
20 -10
21 -9
15 -15
24 -6
20 -10
12 -18
16 -14
28 -2
12 -18
26 -4
19 -11
25 -5
30 0
27 -3
18 -12
16 -14
21 -9
20 -10
9 -21
20 -10
10 -20
23 -7
17 -13
16 -14
14 -16
22 -8
11 -19
23 -7
19 -11
17 -13
17 -13
13 -17
22 -8
24 -6
18 -12
19 -11
14 -16
24 -6
19 -11
20 -10
28 -2
14 -16
18 -12
18 -12
23 -7
24 -6
13 -17
23 -7
12 -18
19 -11
15 -15
21 -9
18 -12
24 -6
17 -13
26 -4
23 -7
27 -3
19 -11
12 -18
21 -9
14 -16
20 -10
15 -15
15 -15
23 -7
25 -5
13 -17
22 -8
15 -15
16 -14
15 -15
7 -23
17 -13
17 -13
24 -6
9 -21
17 -13
19 -11
27 -3
24 -6
26 -4
22 -8
19 -11
21 -9
21 -9
17 -13
15 -15
18 -12
19 -11
20 -10
19 -11
15 -15
20 -10
25 -5
22 -8
18 -12
14 -16
17 -13
22 -8
21 -9
10 -20
26 -4
13 -17
15 -15
15 -15
23 -7
20 -10
17 -13
22 -8
22 -8
17 -13
19 -11
16 -14
28 -2
13 -17
26 -4
15 -15
17 -13
30 0
19 -11
29 -1
16 -14
27 -3
14 -16
23 -7
9 -21
16 -14
24 -6
12 -18
21 -9
15 -15
20 -10
19 -11
16 -14
10 -20
19 -11
13 -17
25 -5
20 -10
21 -9
22 -8
17 -13
19 -11
28 -2
17 -13
23 -7
17 -13
24 -6
22 -8
27 -3
17 -13
21 -9
17 -13
17 -13
26 -4
22 -8
14 -16
16 -14
25 -5
26 -4
12 -18
17 -13
24 -6
28 -2
22 -8
11 -19
20 -10
12 -18
14 -16
11 -19
23 -7
17 -13
21 -9
20 -10
21 -9
19 -11
16 -14
21 -9
21 -9
25 -5
20 -10
35 5
21 -9
17 -13
12 -18
16 -14
17 -13
29 -1
16 -14
24 -6
18 -12
30 0
16 -14
22 -8
18 -12
18 -12
20 -10
21 -9
17 -13
17 -13
15 -15
29 -1
21 -9
15 -15
18 -12
18 -12
16 -14
16 -14
17 -13
29 -1
22 -8
27 -3
27 -3
20 -10
24 -6
20 -10
12 -18
31 1
21 -9
19 -11
20 -10
15 -15
18 -12
18 -12
25 -5
17 -13
23 -7
23 -7
11 -19
17 -13
24 -6
16 -14
18 -12
17 -13
13 -17
18 -12
24 -6
25 -5
14 -16
24 -6
13 -17
30 0
15 -15
14 -16
14 -16
24 -6
15 -15
25 -5
11 -19
19 -11
11 -19
13 -17
23 -7
13 -17
19 -11
15 -15
11 -19
20 -10
26 -4
23 -7
17 -13
21 -9
22 -8
19 -11
23 -7
25 -5
17 -13
18 -12
21 -9
25 -5
15 -15
24 -6
16 -14
14 -16
14 -16
24 -6
19 -11
21 -9
19 -11
13 -17
20 -10
18 -12
23 -7
25 -5
12 -18
18 -12
19 -11
18 -12
25 -5
14 -16
22 -8
20 -10
18 -12
14 -16
17 -13
27 -3
17 -13
20 -10
24 -6
17 -13
23 -7
22 -8
20 -10
25 -5
26 -4
11 -19
21 -9
17 -13
25 -5
21 -9
19 -11
28 -2
18 -12
12 -18
23 -7
16 -14
22 -8
27 -3
16 -14
18 -12
18 -12
15 -15
11 -19
17 -13
18 -12
13 -17
17 -13
19 -11
15 -15
17 -13
21 -9
27 -3
18 -12
28 -2
15 -15
20 -10
21 -9
28 -2
16 -14
23 -7
29 -1
21 -9
20 -10
19 -11
13 -17
21 -9
21 -9
32 2
17 -13
21 -9
15 -15
11 -19
19 -11
18 -12
14 -16
9 -21
20 -10
21 -9
14 -16
7 -23
18 -12
18 -12
15 -15
24 -6
21 -9
13 -17
19 -11
21 -9
20 -10
17 -13
12 -18
28 -2
21 -9
19 -11
24 -6
18 -12
22 -8
16 -14
20 -10
17 -13
21 -9
31 1
18 -12
12 -18
22 -8
31 1
14 -16
13 -17
30 0
21 -9
24 -6
22 -8
23 -7
22 -8
13 -17
17 -13
14 -16
18 -12
16 -14
22 -8
19 -11
21 -9
12 -18
21 -9
22 -8
25 -5
15 -15
14 -16
10 -20
9 -21
14 -16
20 -10
17 -13
23 -7
22 -8
15 -15
22 -8
26 -4
17 -13
14 -16
27 -3
26 -4
26 -4
19 -11
20 -10
18 -12
16 -14
20 -10
20 -10
17 -13
21 -9
13 -17
15 -15
26 -4
19 -11
28 -2
19 -11
16 -14
22 -8
13 -17
19 -11
20 -10
17 -13
22 -8
15 -15
19 -11
22 -8
15 -15
24 -6
28 -2
18 -12
24 -6
21 -9
21 -9
12 -18
23 -7
16 -14
6 -24
17 -13
15 -15
17 -13
14 -16
16 -14
25 -5
30 0
18 -12
16 -14
18 -12
15 -15
18 -12
19 -11
21 -9
24 -6
11 -19
24 -6
21 -9
19 -11
12 -18
14 -16
14 -16
22 -8
20 -10
16 -14
20 -10
15 -15
17 -13
27 -3
13 -17
30 0
19 -11
25 -5
22 -8
21 -9
14 -16
28 -2
22 -8
19 -11
23 -7
30 0
18 -12
35 5
20 -10
20 -10
17 -13
31 1
27 -3
12 -18
26 -4
26 -4
13 -17
18 -12
18 -12
14 -16
20 -10
18 -12
28 -2
22 -8
33 3
20 -10
22 -8
24 -6
25 -5
21 -9
16 -14
12 -18
27 -3
12 -18
23 -7
31 1
28 -2
17 -13
20 -10
15 -15
15 -15
28 -2
27 -3
14 -16
20 -10
20 -10
21 -9
25 -5
26 -4
17 -13
10 -20
22 -8
18 -12
25 -5
20 -10
12 -18
30 0
25 -5
25 -5
16 -14
18 -12
19 -11
21 -9
24 -6
17 -13
24 -6
24 -6
18 -12
18 -12
15 -15
30 0
18 -12
25 -5
28 -2
21 -9
20 -10
9 -21
26 -4
21 -9
15 -15
18 -12
24 -6
19 -11
24 -6
24 -6
16 -14
23 -7
31 1
21 -9
18 -12
17 -13
13 -17
20 -10
22 -8
28 -2
27 -3
21 -9
18 -12
27 -3
17 -13
15 -15
25 -5
16 -14
37 7
21 -9
20 -10
24 -6
26 -4
21 -9
22 -8
16 -14
24 -6
19 -11
21 -9
20 -10
24 -6
23 -7
16 -14
21 -9
26 -4
19 -11
24 -6
20 -10
14 -16
17 -13
20 -10
21 -9
10 -20
9 -21
28 -2
21 -9
28 -2
14 -16
17 -13
18 -12
13 -17
14 -16
16 -14
25 -5
27 -3
16 -14
17 -13
20 -10
19 -11
16 -14
23 -7
21 -9
18 -12
22 -8
12 -18
21 -9
14 -16
18 -12
17 -13
12 -18
19 -11
21 -9
22 -8
13 -17
23 -7
23 -7
31 1
16 -14
23 -7
30 0
11 -19
21 -9
21 -9
18 -12
16 -14
14 -16
17 -13
16 -14
23 -7
15 -15
23 -7
21 -9
17 -13
11 -19
22 -8
20 -10
24 -6
18 -12
15 -15
6 -24
21 -9
8 -22
28 -2
15 -15
17 -13
16 -14
20 -10
22 -8
16 -14
17 -13
24 -6
16 -14
10 -20
9 -21
28 -2
28 -2
17 -13
18 -12
23 -7
13 -17
28 -2
15 -15
17 -13
22 -8
15 -15
16 -14
22 -8
17 -13
25 -5
18 -12
11 -19
14 -16
24 -6
22 -8
25 -5
15 -15
22 -8
19 -11
25 -5
16 -14
12 -18
17 -13
14 -16
21 -9
11 -19
24 -6
20 -10
14 -16
16 -14
24 -6
15 -15
23 -7
14 -16
29 -1
21 -9
14 -16
19 -11
12 -18
16 -14
7 -23
12 -18
11 -19
16 -14
26 -4
19 -11
14 -16
17 -13
21 -9
11 -19
21 -9
8 -22
23 -7
11 -19
17 -13
22 -8
27 -3
26 -4
19 -11
23 -7
29 -1
17 -13
10 -20
24 -6
23 -7
15 -15
21 -9
20 -10
7 -23
19 -11
29 -1
19 -11
17 -13
9 -21
28 -2
11 -19
15 -15
10 -20
29 -1
20 -10
21 -9
15 -15
17 -13
17 -13
21 -9
20 -10
23 -7
19 -11
15 -15
23 -7
18 -12
18 -12
29 -1
27 -3
14 -16
17 -13
13 -17
15 -15
14 -16
15 -15
20 -10
14 -16
18 -12
23 -7
19 -11
26 -4
16 -14
16 -14
12 -18
18 -12
13 -17
31 1
20 -10
19 -11
16 -14
24 -6
14 -16
13 -17
14 -16
15 -15
23 -7
17 -13
15 -15
20 -10
24 -6
13 -17
17 -13
19 -11
20 -10
23 -7
17 -13
17 -13
19 -11
23 -7
23 -7
18 -12
19 -11
23 -7
19 -11
16 -14
15 -15
8 -22
11 -19
13 -17
12 -18
14 -16
12 -18
15 -15
19 -11
19 -11
18 -12
20 -10
26 -4
19 -11
16 -14
12 -18
18 -12
28 -2
13 -17
17 -13
34 4
22 -8
23 -7
11 -19
8 -22
18 -12
19 -11
16 -14
22 -8
30 0
15 -15
27 -3
16 -14
19 -11
25 -5
19 -11
29 -1
33 3
14 -16
27 -3
16 -14
19 -11
13 -17
25 -5
18 -12
9 -21
22 -8
21 -9
10 -20
17 -13
19 -11
22 -8
13 -17
24 -6
17 -13
14 -16
21 -9
14 -16
15 -15
9 -21
26 -4
19 -11
24 -6
23 -7
20 -10
24 -6
15 -15
26 -4
26 -4
22 -8
22 -8
15 -15
12 -18
18 -12
12 -18
24 -6
13 -17
15 -15
25 -5
12 -18
17 -13
23 -7
17 -13
18 -12
33 3
21 -9
25 -5
17 -13
19 -11
20 -10
21 -9
27 -3
27 -3
25 -5
12 -18
17 -13
13 -17
19 -11
23 -7
17 -13
13 -17
21 -9
17 -13
16 -14
17 -13
17 -13
14 -16
28 -2
18 -12
15 -15
16 -14
13 -17
18 -12
16 -14
18 -12
14 -16
15 -15
23 -7
15 -15
22 -8
23 -7
23 -7
18 -12
13 -17
21 -9
15 -15
20 -10
26 -4
29 -1
17 -13
24 -6
26 -4
16 -14
13 -17
16 -14
21 -9
18 -12
17 -13
18 -12
26 -4
13 -17
19 -11
23 -7
22 -8
15 -15
25 -5
22 -8
23 -7
25 -5
15 -15
32 2
21 -9
21 -9
15 -15
17 -13
14 -16
17 -13
20 -10
13 -17
12 -18
11 -19
16 -14
11 -19
19 -11
20 -10
18 -12
26 -4
12 -18
16 -14
18 -12
21 -9
21 -9
18 -12
17 -13
22 -8
23 -7
22 -8
21 -9
26 -4
27 -3
10 -20
15 -15
12 -18
23 -7
12 -18
23 -7
20 -10
22 -8
18 -12
12 -18
21 -9
22 -8
29 -1
20 -10
25 -5
21 -9
27 -3
25 -5
20 -10
13 -17
19 -11
29 -1
13 -17
18 -12
16 -14
21 -9
16 -14
20 -10
20 -10
19 -11
11 -19
23 -7
13 -17
13 -17
18 -12
11 -19
25 -5
22 -8
21 -9
15 -15
23 -7
15 -15
28 -2
26 -4
27 -3
17 -13
24 -6
15 -15
15 -15
18 -12
12 -18
15 -15
21 -9
16 -14
18 -12
19 -11
5 -25
17 -13
14 -16
17 -13
27 -3
25 -5
14 -16
25 -5
14 -16
20 -10
21 -9
21 -9
13 -17
12 -18
18 -12
8 -22
23 -7
19 -11
26 -4
28 -2
19 -11
22 -8
18 -12
19 -11
12 -18
19 -11
18 -12
17 -13
18 -12
26 -4
15 -15
16 -14
18 -12
21 -9
21 -9
27 -3
27 -3
16 -14
20 -10
20 -10
22 -8
16 -14
19 -11
19 -11
19 -11
19 -11
27 -3
18 -12
25 -5
19 -11
21 -9
16 -14
26 -4
8 -22
19 -11
17 -13
26 -4
17 -13
25 -5
20 -10
9 -21
20 -10
14 -16
14 -16
22 -8
24 -6
11 -19
21 -9
16 -14
18 -12
13 -17
24 -6
18 -12
33 3
14 -16
17 -13
12 -18
27 -3
21 -9
27 -3
17 -13
19 -11
28 -2
27 -3
14 -16
20 -10
21 -9
25 -5
23 -7
20 -10
13 -17
20 -10
22 -8
14 -16
13 -17
17 -13
14 -16
22 -8
15 -15
32 2
16 -14
17 -13
14 -16
15 -15
29 -1
22 -8
23 -7
24 -6
14 -16
23 -7
16 -14
13 -17
27 -3
24 -6
20 -10
20 -10
20 -10
17 -13
8 -22
19 -11
19 -11
17 -13
17 -13
28 -2
23 -7
9 -21
21 -9
15 -15
24 -6
20 -10
19 -11
13 -17
22 -8
21 -9
18 -12
27 -3
13 -17
12 -18
28 -2
13 -17
28 -2
16 -14
32 2
19 -11
20 -10
21 -9
21 -9
25 -5
16 -14
18 -12
20 -10
15 -15
16 -14
16 -14
27 -3
28 -2
7 -23
14 -16
11 -19
20 -10
21 -9
23 -7
24 -6
19 -11
19 -11
30 0
20 -10
20 -10
22 -8
15 -15
9 -21
18 -12
16 -14
11 -19
12 -18
15 -15
18 -12
12 -18
20 -10
22 -8
20 -10
18 -12
16 -14
14 -16
12 -18
19 -11
17 -13
13 -17
17 -13
18 -12
32 2
16 -14
20 -10
29 -1
21 -9
22 -8
3 -27
10 -20
18 -12
17 -13
23 -7
18 -12
24 -6
27 -3
19 -11
18 -12
22 -8
16 -14
22 -8
17 -13
14 -16
28 -2
15 -15
34 4
19 -11
16 -14
12 -18
16 -14
22 -8
22 -8
20 -10
14 -16
12 -18
25 -5
21 -9
16 -14
21 -9
15 -15
23 -7
16 -14
12 -18
12 -18
27 -3
17 -13
19 -11
19 -11
14 -16
12 -18
17 -13
17 -13
19 -11
19 -11
31 1
22 -8
14 -16
24 -6
15 -15
31 1
23 -7
15 -15
30 0
21 -9
12 -18
18 -12
17 -13
14 -16
22 -8
21 -9
23 -7
23 -7
24 -6
15 -15
18 -12
13 -17
17 -13
23 -7
13 -17
18 -12
17 -13
21 -9
23 -7
19 -11
16 -14
19 -11
19 -11
12 -18
8 -22
11 -19
16 -14
23 -7
25 -5
26 -4
17 -13
20 -10
20 -10
16 -14
19 -11
12 -18
18 -12
21 -9
29 -1
15 -15
23 -7
21 -9
18 -12
16 -14
18 -12
26 -4
27 -3
13 -17
13 -17
23 -7
15 -15
21 -9
21 -9
16 -14
18 -12
24 -6
28 -2
24 -6
17 -13
